$$$$ tree_of_life = 4 $$$$

*** seasons = 0 ***

input
a: 42 848
b: 55 453 (453 355 543 646 1000 25 999)

i = 0
a: 848
b: 42 55 453 (453 355 543 646 1000 25 999)

a: 848
b: 55 453 (453 355 543 646 1000 25 999) 42

i = 1
a: 848
b: 453 (453 355 543 646 1000 25 999) 42 55

i = 2
a: 848
b: (453 355 543 646 1000 25 999) 42 55 453

i = time
a: 
b: 848 (453 355 543 646 1000 25 999) 42 55 453

a: 
b: (453 355 543 646 1000 25 999) 42 55 453 848

*** seasons = 1 ***

input
a: 355 453
b: 543 646 (1000 25 999 42 55 453 848)

i = 0
a: 453
b: 355 543 646 (1000 25 999 42 55 453 848)

a: 453
b: 543 646 (1000 25 999 42 55 453 848) 355

i = 1
a: 
b: 453 543 646 (1000 25 999 42 55 453 848) 355

a: 
b: 543 646 (1000 25 999 42 55 453 848) 355 453

i = 2
a: 
b: 646 (1000 25 999 42 55 453 848) 355 453 543

i = time
a: 
b: (1000 25 999 42 55 453 848) 355 453 543 646

# (seasons + 1) * tree_of_life = (1 + 1) * 4 = 8

*** seasons = end ***

input
a: 
b: 1000 25 999 (42 55 453 848 355 453 543 646)

a: 25 1000 
b: 999 (42 55 453 848 355 453 543 646)

i = 0
a: 1000 
b: 25 999 (42 55 453 848 355 453 543 646)

a: 1000 
b: 999 (42 55 453 848 355 453 543 646) 25

i = 1
a: 1000 
b: (42 55 453 848 355 453 543 646) 25 999

i = time
a: 
b: 1000 (42 55 453 848 355 453 543 646) 25 999

a: 
b: (42 55 453 848 355 453 543 646) 25 999 1000

$$$$ tree_of_life = 8 $$$$

*** seasons = 0 ***

input
a: 848 453 55 42
b: 355 453 543 646 (25 999 1000)

a: 42 55 453 848
b: 355 453 543 646 (25 999 1000)

i = 0
a: 55 453 848
b: 42 355 453 543 646 (25 999 1000)

a: 55 453 848
b: 355 453 543 646 (25 999 1000) 42

i = 1
a: 453 848
b: 55 355 453 543 646 (25 999 1000) 42

a: 453 848
b: 355 453 543 646 (25 999 1000) 42 55

i = 2
a: 453 848
b: 453 543 646 (25 999 1000) 42 55 355

i = 3
a: 848
b: 453 453 543 646 (25 999 1000) 42 55 355

a: 848
b: 453 543 646 (25 999 1000) 42 55 355 453

i = 4
a: 848
b: 543 646 (25 999 1000) 42 55 355 453 453

i = 5
a: 848
b: 646 (25 999 1000) 42 55 355 453 453 543 

i = 6
a: 848
b: (25 999 1000) 42 55 355 453 453 543 646

i = time
a:
b: 848 (25 999 1000) 42 55 355 453 453 543 646

a:
b: (25 999 1000) 42 55 355 453 453 543 646 848

*** seasons = end (n_chapters % 8 = 3) ***

input
a: 25 999 1000
b: 42 55 355 453 453 543 646 848

i = 0
a: 999 1000
b: 25 42 55 355 453 453 543 646 848

a: 999 1000
b: 42 55 355 453 453 543 646 848 25

i = 1
a: 999 1000
b: 55 355 453 453 543 646 848 25 42

i = 2
a: 999 1000
b: 355 453 453 543 646 848 25 42 55

i = 3
a: 999 1000
b: 453 453 543 646 848 25 42 55 355 

i = 4
a: 999 1000
b: 453 543 646 848 25 42 55 355 453 

i = 5
a: 999 1000
b: 543 646 848 25 42 55 355 453 453

i = 6
a: 999 1000
b: 646 848 25 42 55 355 453 453 543

i = 7
a: 999 1000
b: 848 25 42 55 355 453 453 543 646

i = 8
a: 999 1000
b: 25 42 55 355 453 453 543 646 848 

i = 9
a: 1000
b: 999 25 42 55 355 453 453 543 646 848

a: 1000
b: 25 42 55 355 453 453 543 646 848 999 

i = 10
a: 
b: 1000 25 42 55 355 453 453 543 646 848 999 

a: 
b: 25 42 55 355 453 453 543 646 848 999 1000
