input
a: 848 42 55 453 355 453 543 646 85 858 545 685 45 7657 86 645 646 675 5 3434 657 1119 192
b:

i = 0
a: 42 848 55 453 355 453 543 646 85 858 545 685 45 7657 86 645 646 675 5 3434 657 1119 192
b:

a: 55 453 355 453 543 646 85 858 545 685 45 7657 86 645 646 675 5 3434 657 1119 192
b: 848 42

i = 1
a: 453 55 355 453 543 646 85 858 545 685 45 7657 86 645 646 675 5 3434 657 1119 192
b: 848 42

a: 355 453 543 646 85 858 545 685 45 7657 86 645 646 675 5 3434 657 1119 192
b: 55 453 848 42

i = 2
a: 543 646 85 858 545 685 45 7657 86 645 646 675 5 3434 657 1119 192
b: 453 355 55 453 848 42

i = 3
a: 646 543 85 858 545 685 45 7657 86 645 646 675 5 3434 657 1119 192
b: 453 355 55 453 848 42

a: 85 858 545 685 45 7657 86 645 646 675 5 3434 657 1119 192
b: 543 646 453 355 55 453 848 42

i = 4
a: 545 685 45 7657 86 645 646 675 5 3434 657 1119 192
b: 858 85 543 646 453 355 55 453 848 42

i = 5
a: 685 545 45 7657 86 645 646 675 5 3434 657 1119 192
b: 858 85 543 646 453 355 55 453 848 42

a: 45 7657 86 645 646 675 5 3434 657 1119 192
b: 545 685 858 85 543 646 453 355 55 453 848 42

i = 6
a: 86 645 646 675 5 3434 657 1119 192
b: 7657 45 545 685 858 85 543 646 453 355 55 453 848 42

i = 7
a: 645 86 646 675 5 3434 657 1119 192
b: 7657 45 545 685 858 85 543 646 453 355 55 453 848 42

a: 646 675 5 3434 657 1119 192
b: 86 645 7657 45 545 685 858 85 543 646 453 355 55 453 848 42

i = 8
a: 5 3434 657 1119 192
b: 675 646 86 645 7657 45 545 685 858 85 543 646 453 355 55 453 848 42

i = 9
a: 3434 5 657 1119 192
b: 675 646 86 645 7657 45 545 685 858 85 543 646 453 355 55 453 848 42

a: 657 1119 192
b: 5 3434 675 646 86 645 7657 45 545 685 858 85 543 646 453 355 55 453 848 42

i = 10
a: 192
b: 1119 657 5 3434 675 646 86 645 7657 45 545 685 858 85 543 646 453 355 55 453 848 42

if (story->me != NULL)
a: 
b: 192 1119 657 5 3434 675 646 86 645 7657 45 545 685 858 85 543 646 453 355 55 453 848 42

a: 
b: 1119 657 5 3434 675 646 86 645 7657 45 545 685 858 85 543 646 453 355 55 453 848 42 192
